HAR
----------

fp=0.1 0.05    
[0.72140591]
[0.90558606]
0.8134
fp=0.1 0.1
[0.63753303]
[0.80741346]
0.722
fp=0.1 0.15
[0.56550465]
[0.70762455]
0.6365
fp=0.1 0.2
[0.46738077]
[0.60548694]
0.5365
fp=0.1 0.25
[0.39122607]
[0.50870099]
0.4499
fp=0.1 0.3

[0.30784247]
[0.4157859]
0.3617
fp=0.1 0.35

[0.24154534]
[0.31376502]
0.2776
fp=0.1 0.4

[0.14376007]
[0.2108053]
0.1772

mnist
------------------

fp=0.1 0.05    

[0.66326915]
[0.90731979]
[0.78529447]

fp=0.1 0.1
[0.59143428]
[0.80734103]
[0.69938765]
fp=0.1 0.15
[0.50821956]
[0.71381781]
[0.61101868]
fp=0.1 0.2
[0.4316725]
[0.60691625]
[0.51929437]

fp=0.1 0.25
[0.34978858]
[0.52500341]
[0.43739599]
fp=0.1 0.3

[0.28601553]
[0.41250112]
[0.34925833]
fp=0.1 0.35
[0.19963839]
[0.31390663]
[0.25677251]

fp=0.1 0.4
[0.14296142]
[0.21802327]
[0.18049235]


csi
-----------------
fp=0.1 0.05    

[0.18117013]
[0.90391322]
[0.54254168]

fp=0.1 0.1
[0.16963118]
[0.79870451]
[0.48416785]
fp=0.1 0.15
[0.13602842]
[0.69846326]
[0.41724584]
fp=0.1 0.2
[0.13236147]
[0.60952297]
[0.37094222]

fp=0.1 0.25
[0.09213676]
[0.51566251]
[0.30389964]
fp=0.1 0.3

[0.08536084]
[0.40698237]
[0.24617161]
fp=0.1 0.35
[0.04832621]
[0.30897115]
[0.17864868]


fp=0.1 0.4
[0.02814922]
[0.21005674]
[0.11910298]
