fp=0.57
[0.59761298]
[1.]


fp=0.01
[0.80558213]
[1.]
1.3


fp=0.01 0.05    
[0.72050256]
[0.90174058]
0.810
fp=0.01 0.1
[0.63410436]
[0.80904785]
0.72155
fp=0.01 0.15
[0.56554269]
[0.7069161]
0.6362
fp=0.01 0.2
[0.47011418]
[0.6162388]
0.5431
fp=0.01 0.25
[0.38963225]
[0.51723678]
0.4535
fp=0.01 0.3
[0.31480185]
[0.41221022]
0.3635
fp=0.01 0.35
[0.22847924]
[0.31504452]
0.2717
fp=0.01 0.4
[0.1396198]
[0.21467744]
0.1771
%fp=0.01 0.45
%[0.05983004]
%[0.11615104]

fp0.36p=0.35
[0.11104876]
[0.2159903]

fp0.57p=0.35
[0.05722006]
[0.14479329]

fp0.01p=0.35
[0.22942331]
[0.31193272]

fp0.57p=0.15
[0.18991265]
[0.36594119]



fp=0.1 0.05
[0.72757573]
[0.90538742]

[0.64403284]
[0.80255659]

[0.55386478]
[0.71299078]

[0.47387706]
[0.60753307]

[0.39248859]
[0.51580919]

[0.30033177]
[0.40855473]

[0.23288949]
[0.30935723]

[0.15105694]
[0.21809901]
----end of har-----


------------- mnist---
fp0.01
[0.75561696]
[1.]

fp0.01p=0.05
[0.67970625]
[0.90888041]
[0.79429333]

fp0.01p=0.1
[0.60221646]
[0.80620639]
[0.70421143]
fp0.01p=0.15
[0.51750217]
[0.70096155]
[0.60923186]
fp0.01p=0.2
[0.44454065]
[0.62128194]
[0.5329113]
fp0.01p=0.25
[0.36850795]
[0.50977813]
[0.43914304]
fp0.01p=0.3
[0.28667085]
[0.41181274]
[0.3492418]

fp0.01p=0.35
[0.21329089]
[0.31249323]
[0.26289206]

fp0.01p=0.4
[0.13490796]
[0.22170501]
[0.17830648]


fp=0.57
[0.43760935]
[1.]

fp0.57p=0.15
[0.09457056]
[0.28831063]

fp0.36p=0.35
[0.07149552]
[0.17360104]

fp0.57p=0.35
[0.02198854]
[0.09811763]

fp=0.01
[0.73528849]
[1.]



----csi---
fp0.01p=0.05
[0.21002826]
[0.90191172]
[0.55596999]
fp0.01p=0.1
[0.18280442]
[0.80057258]
[0.4916885]
fp0.01p=0.15
[0.16154834]
[0.70517494]
[0.43336164]
fp0.01p=0.2
[0.13620083]
[0.60289203]
[0.36954643]
fp0.01p=0.25
[0.11214824]
[0.50020502]
[0.30617663]
fp0.01p=0.3
[0.08731505]
[0.41158411]
[0.24944958]
fp0.01p=0.35
[0.06213065]
[0.30009589]
[0.18111327]
fp0.01p=0.4
[0.03038627]
[0.21282142]
[0.12160385]

fp0.23p=0.35
[0.01924701]
[0.24658851]

fp0.46p=0.35
[-0.00437733]
[0.17115845]


fp0.1p=0.35
[0.05164498]
[0.31048429]

fp=0.23p=0.15
[0.0792244]
[0.61192767]


fp=0.01
[0.24250012]
[1.]

fp=0.23
[0.15528703]
[1.]

